	
1	4	13	558	31882.015625	5.144978	15.672857	28	8	2024
2	3	8	218	35416.484375	1.249107	2.563283	27	2	2025     
3	14	20	507	45677.542969	5.267663	10.932131	14	2	2024  
4	10	17	200	64608.414062	5.987655	13.396627	27	2	2025  
5	1	28	556	48341.656250	5.722510	4.453258	5	4	2025     
6	9	17	360	31918.179688	5.352992	17.879850	28	4	2025   
7	4	9	173	36195.226562	6.387936	10.721391	3	5	2024     
8	15	38	125	75491.500000	1.911237	8.708131	22	1	2025   
9	15	20	899	74527.117188	1.591159	8.291511	17	6	2025   
10	14	13	184	5952.116699	1.184652	15.527708	20	2	2024  
11	12	21	592	64355.269531	4.072314	11.577102	16	3	2024 
12	12	29	254	70095.765625	5.624729	5.923575	18	3	2025  
13	4	32	715	39722.464844	4.501892	3.426890	16	3	2025   
14	6	28	217	39339.121094	3.464568	4.659746	22	2	2025   
15	11	4	24	23224.250000	2.596622	1.692389	18	12	2024   
16	14	33	1353	62906.277344	1.180990	1.008548	28	3	2024 
17	12	12	1343	17334.269531	0.725959	7.084160	17	3	2024 
18	12	7	164	5727.896973	5.386685	19.090845	22	8	2024   
19	4	34	1081	31014.068359	5.422391	12.337465	2	8	2025  
20	1	6	995	8982.696289	0.843150	1.052882	11	11	2024    
21	13	19	929	28226.996094	1.116169	4.746593	16	4	2025  
22	1	39	507	76132.820312	3.691992	4.642741	17	10	2024  
23	12	36	169	70934.781250	0.504395	12.817853	28	10	2024
24	4	11	724	43859.675781	4.677679	5.931470	3	1	2024
25	13	38	402	25054.169922	1.925886	9.158154	16	8	2024
26	9	15	580	3760.551758	1.859966	3.797354	28	7	2025
27	10	9	1396	3379.619873	4.766304	12.712179	11	7	2024
28	14	10	843	5156.499023	3.799295	13.324357	14	2	2025
29	10	14	641	15612.842773	3.954207	16.593552	13	3	2024
30	1	7	773	19928.464844	6.235404	12.649019	11	4	2025
31	9	3	263	7210.638672	4.804208	2.616727	17	4	2025
32	5	5	452	60386.824219	1.581454	4.190896	21	2	2025
33	14	13	1386	6738.090332	0.577639	14.005161	25	6	2024
34	3	34	37	50079.957031	2.900220	9.537727	8	9	2024
35	2	34	1145	45402.691406	5.886029	11.376687	11	4	2025
36	6	2	536	38782.191406	6.144582	15.029707	1	1	2024
37	2	1	329	42798.851562	4.231071	1.607364	21	4	2024
38	11	18	1361	2663.563965	2.104969	7.975704	1	11	2024
39	3	8	511	70881.742188	2.305475	10.524012	9	9	2025
40	12	11	1181	2624.988525	4.431944	15.219191	5	8	2025
41	6	25	694	20297.341797	3.899457	5.386098	20	9	2024
42	5	1	709	52001.496094	6.070604	16.329369	12	3	2025
43	9	35	1191	41781.425781	3.153462	3.616980	10	9	2025
44	8	39	1302	50923.796875	3.190817	14.183712	5	8	2025
45	9	36	1307	26621.294922	1.184835	4.297784	28	4	2024
46	8	11	613	33764.976562	4.973220	15.572649	17	8	2025
47	3	31	119	39937.039062	4.569826	11.290448	26	1	2024
48	7	20	141	73873.742188	3.166463	17.169897	7	1	2025
49	9	39	987	15463.362305	5.510285	5.360591	26	3	2025
50	2	19	971	34273.687500	0.927564	16.685863	19	4	2025
51	8	2	286	35879.390625	0.539003	11.105216	8	4	2024
52	2	1	207	58021.671875	3.823832	15.576293	23	5	2025
53	14	21	1381	40964.109375	4.021042	12.282805	18	7	2024
54	9	3	770	28234.230469	2.775704	10.503364	10	8	2024
55	4	22	643	68128.421875	1.291223	0.726145	25	3	2025
56	10	7	519	1499.069214	0.909986	8.723921	25	2	2025
57	5	29	370	21080.904297	2.750435	1.444603	12	7	2024
58	8	8	347	14089.113281	3.499176	10.880507	22	6	2024
59	14	25	92	64020.140625	1.369778	4.702866	7	1	2025
60	11	8	111	39271.613281	2.167409	4.217011	28	4	2025
61	14	23	346	15251.197266	4.607547	9.071915	17	6	2025
62	2	20	535	2622.577637	3.063372	4.001413	12	6	2025
63	11	39	257	69939.054688	4.431211	14.279061	28	8	2025
64	12	10	1314	74768.210938	5.513764	13.672350	5	8	2025
65	4	32	317	65823.546875	2.752449	5.616272	28	4	2025
66	8	13	301	43992.281250	4.509399	4.685861	10	3	2024
67	15	4	819	39126.957031	4.836436	18.815123	15	11	2024
68	1	37	686	70852.812500	0.997330	10.865325	5	9	2024
69	9	7	425	35348.980469	4.920850	19.388430	12	4	2025
70	11	6	157	43840.390625	4.103259	12.609544	4	7	2024
71	3	27	1135	23940.304688	3.099262	18.749533	2	10	2024
72	4	3	1162	59487.531250	0.844066	8.388681	15	3	2025
73	10	40	1391	69237.460938	5.260338	6.349913	16	6	2025
74	4	21	1141	27629.078125	5.356471	9.612427	18	5	2024
75	6	11	1223	78777.640625	3.251427	19.471025	7	8	2025
76	9	39	563	75038.242188	2.905530	0.946602	11	8	2024
77	14	8	131	61794.824219	3.240623	7.720023	9	11	2024
78	9	36	787	50875.574219	5.730567	9.902118	13	11	2024
79	8	19	442	9498.642578	3.187887	15.443898	6	2	2024
80	1	17	316	18583.148438	5.822489	10.995291	18	3	2024
81	5	8	811	19197.943359	4.200675	12.692746	24	7	2025
82	14	36	635	19414.929688	3.838115	5.823976	6	7	2024
83	7	20	210	13597.278320	4.056749	3.746946	21	9	2025
84	12	1	429	53192.507812	5.214561	4.758132	1	5	2024
85	15	30	631	13435.743164	5.095355	8.221061	9	3	2024
86	4	22	993	39380.105469	5.950667	0.105466	1	10	2024
87	14	23	271	55892.789062	1.753395	16.469051	26	9	2025
88	2	34	635	36511.062500	5.212729	13.807783	11	4	2025
89	3	40	642	40725.421875	2.002976	11.278302	28	3	2025
90	8	19	242	60032.414062	1.629429	7.051366	10	9	2025
91	11	31	562	51061.218750	4.582461	12.128547	18	1	2024
92	11	24	810	12628.070312	4.640690	11.360897	19	4	2025
93	4	20	1064	58448.406250	4.958022	8.335844	4	11	2024
94	3	31	1167	61112.523438	1.289575	14.595474	11	3	2024
95	3	9	964	40764.000000	4.150685	13.555745	23	2	2025
96	1	21	584	32564.318359	4.162588	17.771143	3	1	2024
97	13	29	1184	40163.671875	0.669561	15.375878	7	2	2024
98	9	1	154	21842.767578	3.508881	8.583023	28	9	2025
99	8	10	527	66640.859375	3.553194	14.003946	24	7	2024
100	7	32	1027	61348.796875	5.708777	4.260738	13	3	2024
101	8	16	1059	6682.638184	4.690496	4.074291	26	9	2024
102	7	31	1269	54282.265625	2.896741	11.389441	28	4	2024
103	11	33	1301	32983.828125	5.914411	19.028290	27	7	2024
104	10	15	644	58043.367188	2.490234	9.687127	22	5	2024
105	5	23	1382	30763.330078	5.596164	6.979095	18	8	2025
106	11	15	248	17143.804688	2.333857	17.352093	21	6	2024
107	14	21	1240	50342.753906	1.347072	4.601443	11	11	2024
108	8	14	131	38654.410156	2.916150	19.477100	21	3	2025
109	11	3	924	15451.308594	2.739448	8.013965	8	10	2024
110	14	16	826	19757.285156	2.395199	15.921250	12	12	2024
111	2	9	585	52867.031250	5.392728	19.706057	16	4	2025
112	6	16	646	50313.824219	2.725349	1.623154	28	1	2024
113	10	32	1319	33610.675781	6.141652	10.730501	25	11	2024
114	8	9	1123	26324.746094	3.768898	4.903888	8	1	2024
115	6	37	1165	49626.695312	1.003006	14.862087	28	7	2024
116	6	21	654	24641.894531	2.646611	7.092663	22	8	2024
117	3	20	1376	1638.905029	2.081896	10.047267	15	8	2024
118	12	18	632	49134.863281	1.484405	5.607769	7	11	2024
119	10	7	893	39765.859375	5.129597	2.944679	19	2	2024
120	7	4	737	70725.031250	3.897076	13.112403	13	7	2024
121	10	17	69	27952.146484	4.949599	1.185885	2	6	2025
122	3	10	1175	9874.751953	0.761299	2.158202	21	4	2024
123	13	35	548	3676.168213	3.978561	14.345867	28	8	2024
124	12	12	134	69555.710938	0.834361	13.703931	14	7	2025
125	11	20	1026	51213.109375	0.919874	10.261043	26	7	2025
126	7	17	340	46709.433594	3.291528	15.799787	5	5	2025
127	15	40	206	27055.269531	1.998215	15.018168	23	5	2025
128	7	37	1301	78413.585938	5.073381	16.036640	11	6	2025
129	13	38	1123	29878.505859	6.017319	1.612830	23	9	2024
130	14	15	1324	30285.958984	5.768289	17.550686	9	10	2024
131	6	4	991	22074.220703	0.657842	5.683077	5	12	2024
132	6	4	829	12030.152344	6.378780	9.144792	22	10	2024
133	6	18	409	9088.778320	2.126392	4.557109	22	7	2025
134	13	27	1057	14298.868164	1.472320	9.421123	13	8	2024
135	12	10	361	50470.535156	2.083178	13.027987	28	4	2024
136	1	38	83	29984.587891	0.649968	1.405127	23	1	2025
137	9	14	1106	62397.566406	3.516755	16.130774	22	4	2025
138	15	16	822	67817.406250	2.731941	17.369097	25	5	2024
139	13	1	642	1824.549072	3.609226	12.058706	28	1	2024
140	15	4	1264	18211.859375	2.306757	14.207397	8	10	2024
141	14	38	310	66411.812500	5.439970	2.608832	17	2	2024
142	9	21	1284	29958.066406	3.063189	7.796545	1	7	2025
143	10	15	541	26826.228516	6.313776	7.862742	25	9	2024
144	5	32	43	68056.093750	3.389676	8.813196	4	10	2024
145	9	22	1350	16868.953125	1.364833	14.083505	18	5	2024
146	9	4	860	4143.894531	4.808603	8.070446	18	7	2025
147	15	23	607	4770.745117	3.593295	17.431650	8	12	2024
148	4	38	1264	24735.923828	0.688788	11.945137	13	5	2024
149	12	40	1168	54159.308594	6.410825	18.455589	14	11	2024
150	5	13	215	78548.601562	1.083026	5.064220	21	11	2024
151	15	23	245	77128.539062	2.846019	0.687277	5	3	2024
152	10	7	936	8681.326172	5.211631	19.090845	21	6	2024
153	4	14	73	37832.269531	3.543672	6.454371	26	6	2025
154	15	28	779	10875.301758	1.842387	1.696033	28	6	2024
155	3	38	844	52384.839844	4.320612	18.695480	28	12	2024
156	6	25	338	60594.164062	5.302454	0.766836	1	2	2024
157	8	9	321	50154.699219	2.095447	13.830253	17	7	2024
158	15	16	696	50205.328125	4.884228	4.481194	7	1	2025
159	4	13	977	30030.396484	2.196890	11.469607	7	3	2024
160	6	27	1049	23663.044922	1.729041	8.638896	14	6	2024
161	11	9	149	9182.805664	5.170797	15.317576	21	6	2024
162	4	5	1163	78948.820312	1.594455	3.658278	4	10	2024
163	1	19	906	48905.816406	3.959517	10.678270	7	7	2025
164	4	40	1326	25869.074219	2.044908	10.218531	12	8	2025
165	10	14	168	8449.873047	3.502472	13.136087	22	8	2024
166	5	4	280	64671.105469	2.254387	17.409180	12	5	2025
167	14	14	35	1699.179077	1.125690	0.548808	28	4	2025
168	8	9	912	68716.695312	2.540590	6.255779	9	4	2025
169	12	15	172	37750.296875	2.319575	15.921857	9	8	2025
170	15	40	934	31889.248047	2.717292	3.031526	3	11	2024
171	8	32	1045	69910.125000	1.393582	3.475475	4	8	2025
172	3	8	482	33359.933594	1.099506	19.745533	2	3	2025
173	9	26	440	70076.484375	0.787851	11.945745	7	2	2025
174	8	28	1287	15494.705078	3.268456	5.092764	22	5	2024
175	1	15	396	77020.054688	1.267601	1.637730	2	6	2024
176	8	33	364	32520.921875	3.267174	13.145199	20	9	2025
177	3	4	921	38232.492188	2.589480	10.619968	15	6	2025
178	7	36	590	22983.154297	1.482757	5.117056	25	7	2025
179	6	33	480	68183.875000	3.230369	12.422489	26	3	2024
180	5	4	710	49057.707031	4.847972	19.251783	12	5	2024
181	8	10	1381	54166.542969	1.199667	17.350271	8	5	2025
182	14	33	1037	72125.796875	3.889386	2.026414	4	11	2024
183	7	6	927	40199.835938	4.516724	8.564803	17	1	2025
184	1	40	921	53655.414062	3.342067	5.015635	7	8	2025
185	10	8	1286	78522.078125	6.426573	15.730552	7	2	2024
186	13	33	974	15260.841797	2.258049	6.806616	7	3	2025
187	1	39	1353	24039.156250	1.558199	0.802060	2	8	2024
188	15	26	871	16507.308594	3.534883	12.443138	28	8	2025
189	5	25	60	25473.677734	1.774087	1.238722	27	12	2024
190	11	21	1177	6846.583496	1.319788	3.002374	10	8	2024
191	14	22	763	23747.429688	3.157491	13.751302	6	4	2025
192	13	38	924	57389.992188	3.550264	16.269852	13	1	2025
193	14	15	1078	63381.234375	1.193075	1.136692	22	2	2025
194	14	36	1006	61418.714844	1.732337	14.222580	1	5	2025
195	4	39	1223	65958.554688	6.454588	14.097473	16	6	2024
196	8	20	1246	70062.015625	4.682623	2.753981	6	1	2025
197	1	4	826	42237.097656	4.780404	5.318686	6	7	2024
198	2	1	508	32636.646484	1.104816	11.852217	28	1	2024
199	1	22	1308	21816.248047	0.749580	19.327091	22	8	2024
200	4	7	242	13363.415039	1.316858	7.774075	26	10	2024
201	3	8	1331	20523.972656	3.989547	1.526591	15	7	2025
202	8	32	186	40573.531250	0.893689	3.155418	4	6	2025
203	7	9	113	8623.462891	1.243614	8.269647	6	6	2025
204	7	2	463	46974.640625	6.253899	1.668096	23	10	2024
205	2	29	818	32438.949219	3.916486	19.771648	2	4	2024
206	12	14	996	70860.046875	3.982040	13.072927	3	10	2024
207	8	9	1208	5920.773926	3.759377	0.987292	10	12	2024
208	3	36	544	45142.308594	1.746620	15.722050	2	1	2025
209	11	24	1224	41055.730469	3.222312	1.267873	28	9	2025
210	9	17	9	36916.105469	2.755013	1.382656	28	5	2024
211	15	11	1273	46352.609375	0.504395	8.886075	28	2	2025
212	3	30	797	36407.390625	3.567293	19.621641	1	2	2024
213	15	34	786	35438.183594	1.253685	13.645020	15	5	2024
214	2	13	700	55846.976562	2.483825	5.643601	3	5	2024
215	15	5	76	11046.479492	1.942549	3.679534	7	3	2024
216	15	2	1090	75631.335938	2.412229	4.484231	1	12	2024
217	4	7	1277	32272.589844	2.926588	10.817954	10	3	2025
218	4	33	664	17223.365234	1.830851	14.278454	1	4	2024
219	13	14	866	73849.632812	0.828501	4.077328	13	1	2024
220	3	29	643	69280.867188	5.960372	19.595526	25	10	2024
221	9	36	1244	18968.902344	0.932875	17.490561	9	7	2024
222	4	33	928	12358.042969	5.288721	19.424261	18	2	2025
223	11	5	254	34109.746094	3.477935	10.934560	2	9	2024
224	8	15	767	35382.734375	5.894818	0.542735	1	4	2025
225	2	40	376	72875.609375	1.835063	16.278961	24	1	2025
226	11	13	1142	71262.671875	1.364101	12.605292	5	1	2024
227	7	14	872	4389.812988	4.327204	9.133861	7	2	2024
228	11	18	1275	55012.785156	3.204001	12.497190	27	7	2024
229	5	19	263	61524.796875	3.608860	19.425476	28	3	2025
230	1	1	403	63916.472656	5.323145	14.647703	10	8	2024
231	12	17	530	60813.562500	4.849803	5.731056	9	4	2024
232	7	1	361	1776.329834	6.071337	10.016294	28	11	2024
233	8	35	640	27525.406250	3.198874	1.082034	26	10	2024
234	11	30	720	30044.861328	4.303034	2.402344	17	5	2024
235	10	21	263	58351.972656	0.890393	4.242518	11	3	2024
236	4	19	1385	44144.171875	1.666784	15.727515	17	3	2024
237	5	39	45	31098.453125	1.646641	12.944782	1	7	2025
238	5	25	243	56006.101562	5.612827	2.794064	15	2	2024
239	1	11	1064	62865.292969	3.480133	4.000805	20	2	2025
240	8	9	496	32067.660156	2.154775	18.269142	28	7	2025
241	15	12	953	79783.015625	1.357509	19.914976	23	4	2025
242	6	11	565	41988.769531	2.026047	17.754137	6	11	2024
243	7	30	88	74114.843750	5.193686	4.058501	9	2	2024
244	5	28	263	26806.941406	4.228507	14.235334	8	6	2025
245	4	7	837	24340.527344	5.065874	17.363024	7	2	2024
246	7	9	938	58163.914062	0.884533	10.759651	15	6	2025
247	2	10	258	44582.960938	5.112568	1.068065	18	8	2024
248	5	18	325	6306.527832	4.483215	11.914164	28	4	2024
249	9	3	1326	50429.546875	5.060198	6.482915	16	12	2024
250	7	28	1377	52929.718750	2.821116	16.546787	24	6	2024
251	14	28	89	53358.867188	4.456298	0.413984	10	4	2024
252	3	2	528	57110.324219	5.944441	3.660100	13	3	2025
253	1	28	33	65027.925781	2.236442	11.196313	9	8	2024
254	7	34	469	6930.967285	4.917737	7.703018	12	7	2025
255	8	1	536	59861.230469	1.944014	10.128648	27	5	2024
256	6	14	297	33147.773438	2.057909	3.293887	6	8	2025
257	2	35	104	29160.039062	1.534211	11.611112	18	4	2024
258	12	30	283	7005.706543	4.109302	17.516676	27	12	2024
259	8	18	1300	44715.566406	2.949111	16.965837	22	5	2025
260	15	8	999	71359.109375	5.459746	16.063362	16	2	2025
261	9	12	447	9966.369141	5.324427	17.281643	28	1	2024
262	6	14	574	69688.312500	3.645482	13.488939	26	10	2024
263	1	31	318	41516.222656	5.508820	13.665669	16	6	2024
264	15	15	1206	75515.609375	5.833476	17.661825	28	12	2024
265	6	14	98	28639.271484	5.307581	15.981375	1	12	2024
266	15	4	609	57452.683594	4.423704	0.981219	5	3	2025
267	10	10	221	76805.476562	1.252220	17.081835	27	7	2024
268	5	3	616	32176.152344	2.172719	8.844170	23	7	2024
269	5	26	1073	57240.515625	6.486633	1.332249	7	5	2024
270	1	23	1028	70358.562500	2.006638	10.612680	21	3	2024
271	11	15	1251	75014.132812	2.309687	6.904394	25	11	2024
272	13	23	842	60169.832031	5.756203	3.232548	8	10	2024
273	7	14	1383	3955.839844	5.777261	14.006983	3	12	2024
274	10	34	161	76219.609375	1.134480	11.063311	23	6	2025
275	2	17	750	61652.578125	6.263237	3.259270	19	6	2024
276	7	31	939	3495.345947	3.150349	14.845081	24	1	2025
277	1	2	383	39828.546875	0.815683	1.835716	17	12	2024
278	7	12	624	30992.371094	2.547365	17.817299	27	4	2024
279	15	31	770	10561.875977	6.202994	13.901917	6	3	2024
280	7	35	714	76115.937500	3.553377	2.443641	8	9	2024
281	4	27	1352	79438.242188	5.530793	10.647904	28	7	2025
282	5	10	1320	42507.125000	3.926557	1.693603	1	7	2025
283	5	16	1109	63460.800781	5.953780	9.591171	14	3	2025
284	4	10	294	77417.859375	3.790323	16.345766	9	11	2024
285	2	24	610	32631.824219	4.036790	13.679638	22	4	2025
286	10	34	215	12223.029297	5.772317	6.992456	28	5	2025
287	3	19	563	72595.937500	3.529023	16.575333	24	5	2025
288	7	10	210	29914.669922	1.272546	7.280932	28	10	2024
289	5	34	1009	34820.976562	5.416349	10.759044	22	4	2024
290	7	9	1389	46154.914062	4.025071	3.512522	28	1	2025
291	13	18	3	63781.457031	4.879284	7.155217	28	5	2025
292	1	30	1129	73946.078125	2.236808	0.641121	11	6	2025
293	3	16	472	60828.031250	4.951064	3.624876	9	8	2024
294	11	31	1261	42605.976562	2.246696	1.666274	6	5	2024
295	7	1	1153	17604.296875	0.996414	15.569006	10	6	2025
296	1	24	320	21862.054688	5.570712	16.110126	24	3	2025
297	2	2	1178	25857.019531	2.362789	0.977575	20	7	2025
298	12	32	773	63916.472656	1.172567	14.648311	9	5	2025
299	7	10	101	13049.989258	6.435362	0.956319	1	1	2024
300	14	18	1154	40604.878906	5.543794	18.112453	9	4	2024
301	11	28	349	15636.951172	2.632145	17.813047	5	6	2025
302	11	39	1390	57811.914062	4.447508	18.780506	4	9	2024
303	4	20	1187	79377.968750	2.314997	4.056679	9	7	2025
304	3	15	688	21027.865234	5.751991	13.381445	17	3	2025
305	3	38	456	11215.247070	5.950118	3.750591	7	5	2025
306	9	38	686	61589.894531	4.356136	13.391162	17	3	2025
307	11	13	860	10484.725586	1.865642	19.893719	28	1	2025
308	5	7	449	50935.851562	3.589084	3.975298	26	3	2025
309	14	3	431	14457.991211	2.371578	3.205219	17	3	2024
310	5	40	1101	7716.940430	4.365108	12.955715	18	6	2025
311	8	36	213	67581.132812	3.577548	13.685712	3	3	2025
312	2	11	591	24188.636719	3.558870	11.535197	28	9	2024
313	10	24	179	18821.832031	1.729408	4.497592	5	1	2025
314	8	35	1062	27060.091797	6.282647	13.150057	16	2	2024
315	4	18	662	59386.269531	2.020554	19.671442	19	4	2025
316	11	29	268	12840.235352	0.738594	0.531196	27	8	2024
317	4	39	1183	20357.615234	6.373470	19.571840	8	12	2024
318	12	16	824	52365.550781	0.854686	2.344041	21	6	2025
319	10	10	1086	16741.171875	1.393216	13.750694	28	1	2025
320	5	3	515	66631.210938	4.709540	15.783389	12	3	2025
321	6	11	504	66544.421875	5.294397	10.609036	1	3	2025
322	3	36	1076	13172.949219	3.605930	0.497186	15	8	2024
323	6	31	1157	29786.888672	3.864299	17.049040	16	1	2024
324	4	29	1274	39840.601562	3.260765	3.791888	27	4	2025
325	1	29	989	63952.636719	5.199912	6.202334	6	6	2024
326	3	28	1240	56792.078125	0.738411	17.868313	24	7	2024
327	2	38	849	15598.375977	1.770608	1.912238	17	9	2025
328	6	13	727	5819.513672	2.187551	11.284375	5	1	2024
329	3	6	359	53257.609375	3.099628	3.484585	4	9	2024
330	6	28	819	32513.685547	2.903882	15.006022	26	3	2025
331	10	29	1397	65493.242188	5.732765	17.622955	6	3	2025
332	2	30	393	42174.414062	4.489257	11.597752	5	8	2025
333	14	15	642	40669.972656	5.966781	18.770788	28	3	2024
334	5	32	1235	43727.074219	5.656407	15.146312	1	6	2024
335	4	11	159	6812.829590	5.750343	7.852418	26	6	2025
336	6	17	114	25953.458984	5.281762	12.505692	20	8	2025
337	9	38	93	15282.540039	2.033189	2.511661	24	11	2024
338	8	15	484	41053.316406	6.404416	12.664202	22	9	2024
339	2	32	1104	13483.962891	5.341640	15.748165	6	6	2024
340	12	3	650	38796.656250	3.738868	14.522596	12	1	2025
341	5	18	1310	31378.125000	1.288293	1.023124	12	5	2024
342	9	28	283	24195.869141	2.668218	7.810513	4	1	2025
343	14	31	82	31076.753906	1.787454	9.860213	28	9	2025
344	11	2	102	46396.007812	6.373104	15.572649	28	8	2024
345	1	26	1177	37217.472656	1.735084	2.174599	23	9	2024
346	6	39	1219	10655.904297	1.461699	10.389795	9	8	2025
347	5	10	500	8717.490234	4.544008	6.901965	23	10	2024
348	14	18	242	5233.649902	4.968093	9.169692	15	1	2024
349	10	2	417	40375.835938	4.973403	6.713089	13	8	2024
350	8	11	1222	74953.851562	0.604740	4.304465	16	8	2024
351	3	6	457	46581.648438	0.884899	3.166350	2	6	2024
352	8	10	1099	8960.998047	5.476226	12.801456	7	2	2025
353	14	31	512	54103.855469	3.668737	1.205927	6	3	2025
354	2	33	247	11497.329102	1.783975	14.121159	21	8	2024
355	10	32	522	2268.166016	2.838145	12.477755	17	1	2025
356	6	13	1033	47331.460938	1.193991	13.946857	18	3	2024
357	6	3	340	19783.806641	4.470031	16.069435	20	9	2025
358	6	5	926	30830.835938	4.170095	6.877673	13	6	2025
359	8	22	120	34859.554688	6.476378	1.104505	8	2	2024
360	5	37	564	17105.228516	2.526856	9.728425	26	8	2024
361	13	4	330	19012.298828	2.940504	4.375521	20	6	2024
362	4	7	445	67306.281250	2.408566	9.102887	5	2	2024
363	12	33	1351	49879.851562	3.625706	17.519712	10	3	2025
364	8	26	220	31850.673828	4.656255	7.737635	7	3	2025
365	13	17	712	22303.261719	4.060778	3.502197	6	1	2024
366	14	12	441	55938.597656	3.792154	13.056529	27	10	2024
367	12	27	47	77024.875000	3.057512	8.918870	7	9	2024
368	2	20	478	10971.740234	5.421842	4.817649	15	6	2024
369	8	36	853	40985.808594	4.870678	16.815222	10	9	2024
370	15	21	747	20528.792969	4.429929	12.356898	16	9	2024
371	1	4	1284	17859.859375	3.218833	0.497186	26	7	2025
372	4	20	21	16977.445312	2.730659	10.354570	16	8	2024
373	15	7	171	8322.092773	2.808481	17.749279	15	10	2024
374	15	8	784	39748.984375	5.225181	19.614353	16	1	2025
375	2	34	304	5342.143066	5.571810	9.999289	8	6	2025
376	4	17	406	5310.800293	5.807108	11.459282	28	7	2024
377	3	33	183	19340.189453	6.313593	10.980716	2	2	2024
378	15	6	263	39336.710938	1.474334	8.237459	8	5	2025
379	5	33	391	49375.960938	4.598758	15.315145	28	4	2024
380	6	26	832	60678.550781	1.593722	6.283108	1	12	2024
381	9	1	800	18448.132812	3.251427	15.754238	28	5	2024
382	10	37	1370	30049.685547	2.900220	9.119285	5	4	2024
383	12	40	492	52235.359375	1.540071	4.367626	21	5	2025
384	7	31	859	21288.248047	0.618107	2.859047	4	1	2024
385	5	6	231	38365.093750	1.727210	5.554326	24	1	2024
386	3	23	1256	28535.599609	5.929060	5.880455	28	5	2024
387	14	29	842	53115.359375	1.922590	7.155824	13	6	2024
388	13	5	302	38922.027344	1.636570	10.210029	19	9	2024
389	7	28	390	79365.914062	2.847850	7.489849	14	1	2025
390	7	10	369	43782.523438	5.028520	18.577053	13	7	2024
391	13	2	77	47599.078125	1.945662	19.787439	3	6	2025
392	3	17	910	28161.900391	5.368007	18.609241	20	7	2025
393	4	18	451	21394.328125	1.994919	17.481451	22	8	2024
394	7	32	1361	77314.187500	0.916028	19.537224	20	9	2024
395	1	40	1121	31310.617188	1.782693	18.871603	10	4	2024
396	15	12	284	26818.996094	0.629093	15.642491	1	8	2024
397	11	2	342	1094.027588	4.173025	14.212256	6	7	2025
398	14	34	1321	45745.046875	2.450865	11.554025	26	10	2024
399	9	20	371	8546.311523	2.866161	15.918820	6	10	2024
400	7	16	750	52823.632812	5.186544	15.051571	27	4	2025
401	8	18	537	66240.640625	5.994431	6.544255	10	6	2024
402	12	1	827	47907.679688	4.021225	11.588642	19	2	2025
403	14	24	1183	62166.109375	3.212790	11.799380	11	7	2024
404	9	1	442	57597.339844	0.633488	5.711621	24	7	2025
405	11	10	1095	13631.030273	1.862529	19.252998	3	7	2024
406	13	5	390	16169.774414	1.240867	11.496936	19	2	2024
407	14	21	945	67503.984375	1.856304	19.812338	11	3	2025
408	11	16	272	62236.031250	5.609531	16.624525	27	8	2024
409	1	13	1216	40006.960938	2.918531	11.478109	28	11	2024
410	8	40	650	43107.457031	2.768380	17.162001	28	9	2024
411	14	6	1183	15624.896484	2.446837	17.426792	17	10	2024
412	4	28	1287	49460.339844	0.669195	6.267317	26	12	2024
413	1	12	243	30936.917969	6.309381	10.855001	9	6	2025
414	13	29	900	28193.242188	5.055986	18.629282	13	9	2024
415	6	7	871	54665.609375	3.081317	15.134166	17	5	2024
416	12	25	537	13717.826172	3.118488	11.001364	6	7	2024
417	9	31	829	13295.908203	5.345851	19.919228	11	9	2024
418	9	30	1245	14658.100586	1.848064	12.520875	17	12	2024
419	5	6	341	29545.792969	4.426816	2.984762	12	12	2024
420	12	29	105	58337.507812	5.126484	2.156987	6	8	2025
421	10	39	394	70322.398438	2.107532	17.540361	26	11	2024
422	4	11	423	19173.833984	1.237754	8.943163	4	8	2024
423	2	1	831	77863.882812	5.198996	3.033955	10	9	2025
424	15	25	189	73145.632812	1.428190	5.913858	17	6	2025
425	13	17	1257	32762.017578	5.060564	9.993216	27	11	2024
426	13	33	336	13527.360352	2.092883	4.849837	6	9	2025
427	13	34	717	8218.420898	5.059649	8.185837	28	1	2024
428	13	28	1096	66484.140625	5.929975	15.192468	11	5	2025
429	10	36	340	10202.642578	3.249046	16.614201	17	4	2025
430	5	2	259	45913.816406	4.666509	15.279315	21	5	2024
431	5	14	1275	45776.390625	1.992904	15.748773	12	8	2025
432	10	14	914	52973.113281	1.527253	8.862390	27	3	2025
433	12	38	352	22050.111328	1.623386	4.342726	26	7	2024
434	6	1	123	55048.949219	1.204062	5.127381	13	4	2025
435	1	29	264	39302.957031	4.226127	15.794929	7	5	2024
436	7	35	1250	17982.818359	4.453917	5.505133	28	6	2024
437	8	18	481	29229.957031	1.068011	14.313071	21	12	2024
438	4	25	187	75720.539062	3.359279	11.885013	7	1	2024
439	5	30	196	30531.876953	1.755226	3.340651	20	7	2024
440	3	14	1147	45183.292969	1.466277	9.314841	28	9	2025
441	12	5	762	48127.078125	1.690954	17.186901	10	2	2024
442	8	6	459	72943.109375	4.228873	3.480334	2	3	2025
443	6	34	645	70078.890625	1.538240	13.736119	28	9	2025
444	8	9	14	22098.330078	1.185202	14.190393	3	10	2024
445	15	26	219	67790.890625	2.936659	18.983957	27	8	2025
446	5	19	516	24383.921875	3.824015	0.471679	11	7	2024
447	6	11	578	47685.875000	5.419828	11.479932	17	2	2025
448	8	33	1023	37070.406250	5.897382	3.194894	6	1	2025
449	7	12	187	4951.567383	1.087054	13.821751	19	5	2025
450	2	37	1342	41212.441406	1.785806	6.731308	14	11	2024
451	3	28	859	28132.970703	4.847056	9.947060	1	5	2024
452	11	39	931	13517.716797	1.138142	9.936735	6	8	2025
453	15	3	632	49879.851562	5.710242	6.802365	11	1	2025
454	5	8	177	41002.683594	2.160085	19.152790	4	4	2025
455	15	3	1192	43548.664062	3.443876	13.457360	1	3	2025
456	9	20	337	10928.341797	3.362575	19.853029	26	3	2025
457	3	1	1357	57570.820312	3.622226	1.962038	19	8	2024
458	15	25	658	26908.201172	6.042772	18.733740	24	7	2025
459	15	29	394	70392.320312	3.499908	19.856672	28	6	2024
460	1	20	928	54465.500000	5.018083	16.741737	17	3	2025
461	1	14	1139	75375.773438	5.922285	19.333164	28	10	2024
462	6	28	7	12681.112305	0.909619	14.567537	14	3	2024
463	3	18	543	10935.576172	3.442228	13.340755	20	9	2025
464	15	14	1360	53599.964844	1.333705	12.229362	14	9	2024
465	10	9	147	29526.505859	4.664678	16.114378	12	10	2024
466	14	22	357	15779.198242	6.442320	3.288421	11	10	2024
467	14	26	513	12509.933594	2.349239	6.609845	12	4	2025
468	15	18	1244	14687.033203	4.135303	5.318686	16	5	2024
469	15	32	522	29642.230469	4.730232	14.819575	5	7	2024
470	15	37	936	27127.599609	5.660253	15.001770	20	9	2025
471	14	23	584	75247.992188	4.569826	2.362868	21	10	2024
472	7	4	1255	1887.234131	5.001236	8.203449	21	7	2025
473	10	35	117	24699.757812	5.459929	14.886987	26	11	2024
474	15	38	619	63788.691406	1.178427	8.756108	13	3	2025
475	6	35	687	71687.000000	2.510193	12.830000	4	9	2025
476	8	24	181	51321.601562	3.069781	5.890780	9	1	2024
477	10	21	120	32552.263672	1.610752	10.519154	18	2	2025
478	9	39	1386	55097.171875	1.394681	7.482562	19	6	2025
479	3	12	357	76945.312500	2.653020	7.353202	9	6	2025
480	7	23	1380	45882.472656	5.812967	5.728626	3	9	2025
481	8	3	689	71486.890625	4.201590	9.645830	20	2	2025
482	2	6	229	63506.605469	2.424314	16.551645	9	7	2025
483	11	14	285	78796.929688	0.867504	6.311652	3	8	2024
484	5	24	1291	71629.140625	4.084765	4.567433	15	11	2024
485	3	33	178	67860.804688	0.804880	18.570980	12	10	2024
486	8	18	1190	37728.597656	4.594363	16.375525	26	5	2024
487	11	1	935	72395.828125	2.074938	12.300418	15	2	2025
488	6	34	1203	78112.218750	3.763039	9.757576	16	5	2025
489	7	10	1366	53370.921875	5.852336	6.598306	20	8	2025
490	3	32	366	73384.320312	3.307276	11.023835	12	1	2025
491	6	11	391	3946.196045	2.334407	16.758743	7	5	2024
492	2	25	12	74606.679688	1.290490	1.414237	2	5	2025
493	9	31	827	56953.613281	0.513184	14.200718	12	7	2024
494	2	32	756	62761.617188	5.089862	5.352696	5	8	2024
495	7	23	1351	15104.129883	4.406308	11.759905	22	12	2024
496	13	23	962	79604.601562	3.432157	11.951818	23	3	2024
497	9	10	1209	4862.361328	2.711982	1.120295	13	6	2024
498	3	25	1103	24895.046875	2.636174	12.031983	25	8	2024
499	4	39	1057	57377.937500	2.860118	6.355379	26	5	2024
500	6	21	920	28484.968750	2.559450	11.308667	22	4	2024
501	6	4	234	60982.332031	0.841502	15.869021	28	7	2024
502	11	1	228	76595.718750	1.662023	0.766228	14	5	2025
503	8	7	799	39307.781250	3.788492	16.990738	28	6	2025
504	11	1	101	41810.355469	1.775002	12.681814	28	7	2024
505	15	37	1186	61823.753906	3.740883	4.419248	21	7	2024
506	6	10	1314	71556.812500	3.377773	10.500327	16	6	2024
507	6	19	142	49744.835938	3.187155	11.475680	22	6	2024
508	1	10	789	74083.500000	1.188864	7.579732	28	9	2025
509	1	35	96	58366.437500	6.495972	18.649324	15	4	2024
510	12	9	1285	1270.027832	5.395474	18.494457	28	9	2025
511	6	3	1088	2938.413574	1.067278	14.837187	21	2	2024
512	12	2	553	56418.378906	3.660314	5.713443	28	3	2025
513	14	21	294	66139.375000	4.627506	3.033347	28	1	2025
514	15	32	873	78823.445312	2.883373	5.964266	18	2	2025
515	11	12	1257	65787.375000	5.359951	18.230881	19	3	2024
516	5	11	562	27045.626953	5.316187	7.441871	28	4	2025
517	2	33	221	8671.681641	6.228080	19.647755	11	4	2025
518	10	39	1328	19287.148438	4.777658	13.181030	15	6	2024
519	13	2	236	27983.490234	0.675237	18.643251	12	2	2025
520	12	4	546	20003.205078	5.159810	5.181432	25	12	2024
521	14	19	277	9802.422852	0.610233	10.370968	23	6	2024
522	5	14	390	71853.359375	4.865734	6.804187	25	6	2025
523	13	3	630	2357.371826	3.981857	9.654940	18	4	2025
524	1	29	845	74965.906250	5.081988	0.708533	2	11	2024
525	4	8	1051	44869.867188	1.030473	16.060934	18	6	2024
526	15	6	99	78319.562500	0.552370	9.066448	17	7	2025
527	11	22	1147	63200.414062	2.263909	12.206284	8	1	2025
528	11	10	135	59600.847656	4.586856	15.350978	28	8	2024
529	11	3	971	54354.593750	6.047716	11.283768	22	5	2025
530	13	8	890	61163.152344	5.124470	13.066854	11	7	2024
531	8	21	744	24832.361328	2.223807	5.426182	23	1	2024
532	15	37	767	62363.812500	3.544954	0.401837	6	2	2024
533	3	6	1056	3955.839844	3.082415	15.669821	26	11	2024
534	14	38	1233	37784.050781	2.320307	14.398096	14	1	2025
535	2	39	800	49219.246094	5.087664	5.669716	23	1	2024
536	6	38	963	20121.341797	5.286340	2.864513	10	1	2024
537	5	4	1145	46687.734375	2.737983	18.583126	25	3	2025
538	12	8	848	36130.128906	5.024308	1.769518	1	5	2024
539	6	10	323	45896.937500	4.581362	14.528062	13	7	2025
540	6	7	1092	49549.546875	3.345546	16.240700	11	7	2025
541	7	37	758	33960.265625	5.444365	19.970848	1	8	2024
542	5	17	726	62315.589844	4.891186	17.935118	28	12	2024
543	6	7	115	54012.238281	1.135395	4.348192	12	4	2024
544	1	18	997	67653.460938	4.172658	10.781515	24	7	2024
545	7	10	1203	32248.482422	2.990127	2.685961	25	3	2024
546	9	19	161	47408.613281	4.719977	14.203147	3	2	2025
547	14	39	496	43712.609375	4.383053	0.342320	13	3	2025
548	3	14	647	12370.098633	3.119770	10.722605	19	9	2025
549	2	27	1052	65324.472656	0.503479	19.744318	13	7	2025
550	8	16	621	77082.734375	4.384335	7.835413	12	9	2024
551	1	22	767	62739.921875	5.014420	9.897867	19	5	2025
552	11	18	1303	38639.941406	2.019639	16.401031	1	12	2024
553	11	22	185	27604.968750	5.444181	12.808136	22	9	2024
554	10	3	872	62182.992188	6.134144	6.906824	28	1	2024
555	1	30	182	34435.222656	2.047838	17.391567	27	1	2024
556	9	40	882	25823.267578	3.664159	16.893566	28	7	2024
557	1	25	548	42661.425781	5.169881	3.063713	19	1	2025
558	8	14	1164	23004.851562	6.081774	12.934459	15	8	2025
559	12	30	1107	53983.304688	0.582583	14.014878	13	9	2024
560	2	30	840	62932.796875	5.499481	10.470569	1	10	2024
561	12	18	1369	79382.796875	5.640660	12.084212	10	11	2024
562	11	21	830	66312.968750	1.682897	3.646739	28	1	2025
563	10	11	334	15147.526367	6.093310	2.302136	19	7	2025
564	1	9	736	62527.757812	5.848308	19.798370	1	4	2024
565	12	38	685	47871.519531	2.820383	15.537425	28	6	2024
566	10	10	13	42835.015625	6.028306	7.209269	22	1	2025
567	15	30	643	46326.089844	2.331111	4.580794	28	3	2024
568	13	11	1139	11709.495117	2.971084	19.188623	28	9	2024
569	4	24	1145	56575.089844	1.342128	3.734800	12	3	2024
570	5	34	677	18361.339844	2.753182	11.068776	23	2	2025
571	13	38	1388	35129.582031	4.892834	15.024241	28	3	2025
572	9	6	949	38109.531250	6.280633	19.528114	12	8	2025
573	10	27	936	77663.781250	5.995529	14.089578	23	5	2025
574	3	39	421	45106.144531	6.384274	15.730552	14	4	2025
575	10	32	1350	36342.296875	3.518037	4.139274	28	9	2025
576	1	8	280	61283.703125	4.020310	9.287512	21	7	2025
577	8	18	55	45250.800781	4.602603	10.463888	18	1	2024
578	8	16	934	50487.414062	5.928693	16.444759	22	9	2025
579	4	38	571	79515.398438	5.183981	14.867553	28	4	2025
580	10	25	1210	24422.500000	2.721137	17.146212	10	6	2024
581	6	30	309	28415.050781	5.842998	11.782984	22	7	2024
582	15	14	438	67978.945312	4.525880	4.200006	4	10	2024
583	1	37	400	64936.304688	3.050188	1.412415	19	1	2024
584	7	35	121	2769.646240	4.747810	14.512272	11	4	2024
585	4	25	731	2608.111816	0.588260	6.598306	26	5	2025
586	7	15	1213	47206.089844	4.966811	7.808692	21	4	2024
587	10	35	863	2338.083984	5.326258	7.196515	1	6	2024
588	7	26	675	77675.835938	3.246483	3.108048	9	5	2024
589	4	25	1045	46444.230469	6.314508	16.172073	21	4	2025
590	11	32	1151	20926.601562	3.898541	9.781869	6	7	2025
591	14	15	8	17059.417969	3.116291	14.653776	26	8	2025
592	10	20	1284	62653.128906	4.809153	5.875597	4	1	2025
593	4	16	178	13423.688477	3.147603	1.963253	22	5	2025
594	9	22	1290	24048.798828	0.524903	16.475731	22	7	2024
595	1	25	571	61946.714844	5.308863	3.547139	25	11	2024
596	9	18	507	76410.078125	3.163167	7.868209	28	11	2024
597	14	11	944	58624.406250	5.110919	19.897970	1	3	2025
598	13	14	441	68350.226562	4.616153	15.712333	28	5	2025
599	6	12	216	23824.580078	1.570284	8.238673	26	3	2025
600	10	15	565	74189.578125	4.203055	3.210684	5	2	2024
601	11	8	411	42861.535156	3.131855	18.794474	19	9	2025
602	9	22	376	42068.332031	1.637303	2.848115	6	6	2024
603	1	9	1251	4765.922852	5.508270	14.086541	13	7	2024
604	10	39	205	43367.839844	1.672094	15.667999	19	6	2025
605	14	12	1055	63395.699219	5.376247	3.722046	14	5	2025
606	4	12	490	74994.843750	3.814493	7.503211	2	7	2024
607	12	31	1234	44963.898438	3.063372	0.795987	28	7	2024
608	6	4	11	1723.288696	3.811014	10.107999	26	2	2024
609	13	28	1099	54665.609375	1.465178	1.487115	26	8	2025
610	9	37	520	53238.320312	0.941664	3.415351	15	3	2024
611	13	1	400	15482.649414	6.196402	12.712179	27	6	2024
612	13	21	811	3232.551025	4.282525	0.217212	25	2	2025
613	11	27	1160	76140.046875	4.144825	11.693707	10	7	2024
614	3	7	419	9315.409180	5.751991	11.735612	25	4	2025
615	2	40	207	53681.933594	0.927381	6.669970	5	3	2024
616	7	8	1096	79867.398438	3.686316	11.035374	8	4	2024
617	13	5	459	20736.136719	0.965285	17.389746	16	6	2024
618	4	18	901	71730.398438	1.655065	1.634086	14	1	2024
619	3	26	577	57566.000000	1.797708	14.086541	28	10	2024
620	8	26	1337	8237.708984	4.976150	2.666527	15	5	2025
621	9	2	527	44939.789062	5.535371	19.854851	14	4	2025
622	13	4	828	40672.382812	5.661717	17.929651	20	2	2024
623	7	25	1224	33878.292969	1.807230	9.725996	25	4	2025
624	1	3	915	14535.142578	5.092425	10.754186	28	3	2025
625	1	29	1118	59055.968750	4.912977	12.320459	28	7	2024
626	12	5	759	39042.574219	6.301507	0.299808	25	4	2024
627	11	31	215	53182.867188	5.898480	3.907886	1	3	2025
628	3	7	585	15651.417969	2.121082	13.055315	20	2	2024
629	8	22	442	52703.085938	4.696173	16.387671	6	3	2024
630	9	35	725	14402.539062	1.352016	2.412668	22	9	2025
631	7	1	1208	26746.666016	3.043779	9.292978	19	6	2024
632	12	26	456	10884.945312	4.293146	16.513992	24	9	2025
633	9	6	1310	68019.929688	4.373531	16.337872	4	4	2024
634	3	6	443	15036.622070	3.187155	16.806721	24	4	2025
635	6	11	302	33480.484375	5.002884	1.021909	4	1	2024
636	3	28	1238	12153.111328	6.135975	13.459182	12	7	2024
637	8	18	26	15665.882812	2.501404	14.594259	7	12	2024
638	15	22	116	42794.031250	2.559450	14.373803	9	1	2024
639	4	3	1373	68743.218750	0.807077	18.838200	13	11	2024
640	10	21	580	73111.882812	2.090503	2.840220	18	5	2024
641	9	2	791	42118.957031	2.266106	3.736622	8	8	2025
642	13	27	231	62821.894531	4.628788	1.287307	1	6	2025
643	2	9	1385	22250.220703	3.041765	12.566424	12	1	2025
644	12	2	539	69063.875000	2.904065	3.717188	23	7	2025
645	6	34	230	63282.390625	2.995987	18.617136	18	10	2024
646	4	21	972	78907.835938	2.049303	5.697046	16	4	2025
647	6	38	1092	20936.246094	4.978713	17.385494	18	4	2025
648	10	32	332	25116.855469	5.114948	18.111847	10	9	2024
649	7	34	1320	42005.648438	2.184805	4.288067	22	6	2025
650	13	37	608	64524.035156	4.928358	15.955260	22	4	2024
651	2	11	540	47960.722656	0.630741	1.559386	7	3	2025
652	2	8	907	12444.837891	4.937513	9.752718	28	4	2025
653	4	26	1370	19455.916016	5.590487	1.592788	23	1	2025
654	6	3	634	53286.539062	4.467284	1.594003	14	4	2024
655	9	5	396	79734.789062	0.784555	12.870084	28	4	2025
656	14	12	198	15075.197266	0.863659	15.014524	19	11	2024
657	7	1	1215	55943.417969	3.968490	8.014572	22	4	2025
658	2	33	878	20933.835938	2.100757	18.917759	17	1	2025
659	9	22	242	47165.105469	5.077227	6.218125	5	3	2025
660	14	1	1240	51121.496094	4.290765	14.774633	14	7	2024
661	13	31	250	39192.054688	4.006577	15.650993	18	6	2025
662	2	40	1241	20536.027344	4.941725	15.016953	3	12	2024
663	13	6	369	72974.453125	1.177877	18.427046	16	4	2024
664	1	21	772	2849.208008	2.489685	1.897055	12	3	2024
665	7	8	915	68615.437500	6.020615	1.801706	1	2	2024
666	8	33	60	45028.992188	5.350245	8.688088	25	4	2025
667	1	18	583	54291.906250	5.138386	13.021912	15	12	2024
668	5	10	1119	71511.000000	1.225303	12.372689	2	6	2025
669	3	11	322	30592.152344	3.973067	15.839869	25	2	2024
670	2	38	1261	78789.695312	1.434233	3.356441	28	7	2025
671	10	37	145	69396.585938	3.972335	1.320103	8	2	2025
672	1	4	558	47295.296875	1.341395	17.505743	5	9	2025
673	9	2	658	21317.177734	2.380917	18.450123	14	5	2025
674	2	34	634	49361.488281	4.296808	11.979147	28	1	2024
675	15	5	141	45798.089844	0.529481	1.405127	24	5	2024
676	2	39	377	48380.230469	0.623417	2.396271	28	5	2024
677	8	3	199	74228.156250	5.670324	14.902170	2	2	2025
678	6	14	777	62026.277344	4.842113	6.737382	26	4	2024
679	1	24	992	10501.602539	3.724219	3.510700	14	3	2025
680	5	4	1078	50427.136719	1.251122	8.703272	14	9	2025
681	2	39	11	58527.972656	4.544557	19.061087	3	1	2025
682	12	14	525	75332.375000	1.952620	14.289386	22	5	2024
683	15	15	553	70712.976562	2.181326	0.898016	5	9	2024
684	11	5	1089	70455.000000	6.152638	9.223136	12	1	2024
685	9	35	541	22898.769531	4.925795	11.675488	14	9	2024
686	7	35	379	32287.058594	4.849254	10.192417	5	3	2024
687	10	2	565	23761.894531	4.365292	15.957082	15	7	2024
688	6	31	3	64485.457031	2.574465	9.187912	9	2	2024
689	10	12	634	33844.539062	4.033128	6.764711	13	7	2025
690	4	10	269	79334.578125	3.448637	12.369653	14	8	2024
691	1	21	1308	35541.855469	3.248131	1.493796	15	2	2024
692	7	31	1034	59899.808594	6.178823	3.012699	2	7	2024
693	3	22	1329	19771.751953	1.159932	11.541270	8	7	2024
694	13	36	68	70763.601562	5.528230	7.325266	9	6	2025
695	15	2	1020	74225.750000	2.586550	4.657924	10	12	2024
696	8	8	1353	55851.800781	1.979171	2.286953	24	11	2024
697	1	15	538	13303.140625	1.714026	13.582467	8	4	2025
698	2	31	428	44768.609375	2.511841	9.484891	2	6	2024
699	9	24	1053	12553.332031	4.865001	15.760919	25	10	2024
700	15	12	849	54699.363281	5.430998	2.550529	4	6	2024
701	1	24	670	38866.574219	6.080676	19.503214	12	3	2025
702	6	5	747	78734.242188	4.691229	6.765926	22	8	2025
703	8	19	1052	60483.261719	1.969649	8.832023	28	10	2024
704	4	32	54	73849.632812	1.984298	5.144386	18	1	2025
705	14	37	36	38073.367188	1.872234	0.224500	19	9	2025
706	4	35	683	24948.087891	1.690588	13.157345	28	1	2025
707	10	29	1099	44440.718750	0.656194	14.087756	26	7	2024
708	9	5	301	26881.677734	6.415952	1.476791	10	5	2025
709	3	6	1138	27947.324219	5.129047	5.907178	20	6	2025
710	9	36	113	62416.851562	0.992203	1.307349	15	2	2024
711	1	28	473	39020.875000	3.871075	12.730400	22	6	2024
712	13	36	597	34423.167969	6.249687	16.096157	25	8	2024
713	6	38	1363	15509.170898	1.029008	7.132139	11	7	2024
714	3	6	366	37863.613281	6.332271	15.502200	6	4	2024
715	2	5	94	77352.765625	3.993210	11.671237	17	12	2024
716	15	25	780	26630.939453	0.580752	16.406498	28	1	2024
717	10	34	1328	21768.029297	3.674779	4.000805	15	8	2024
718	7	6	1205	32665.576172	4.778756	19.135180	3	11	2024
719	8	8	970	23945.126953	5.053789	8.992963	13	4	2025
720	3	11	1084	66693.898438	0.613895	4.327543	26	2	2025
721	4	13	682	54617.386719	1.513703	19.449162	14	8	2024
722	6	32	748	49814.750000	4.308893	15.845942	28	5	2024
723	4	13	685	22305.673828	4.001450	8.737282	28	5	2025
724	8	2	1095	20287.697266	5.228660	18.128853	11	3	2024
725	2	19	1158	67713.734375	1.961226	1.022517	28	7	2024
726	8	9	823	72559.773438	4.691961	18.337769	16	10	2024
727	8	21	145	73073.304688	2.070727	14.740016	28	11	2024
728	11	26	216	79370.742188	3.884808	1.527805	12	3	2025
729	12	3	1002	60842.496094	1.782693	3.635200	7	1	2024
730	12	8	1171	47948.667969	3.494781	6.035322	28	5	2025
731	11	5	615	23974.060547	6.319636	2.898523	12	7	2024
732	6	24	1154	54205.117188	2.180959	4.606909	5	7	2024
733	7	25	1391	42789.210938	0.801035	0.936277	8	4	2024
734	10	17	1239	19846.492188	4.020127	2.811676	20	11	2024
735	14	23	736	28405.408203	2.397397	0.596179	21	8	2024
736	11	18	726	48061.984375	2.377071	16.922112	26	5	2024
737	3	27	838	12283.303711	5.490875	16.220659	28	8	2025
738	5	20	816	43647.507812	0.992203	17.934511	28	3	2025
739	10	10	541	67846.335938	2.605777	13.956576	10	6	2025
740	14	27	584	33475.664062	6.193838	16.754490	14	9	2024
741	5	11	776	73013.031250	2.021104	0.101822	12	12	2024
742	6	22	1166	28294.503906	0.799020	1.353505	27	9	2025
743	8	28	768	16984.679688	6.314875	11.264333	28	5	2024
744	2	39	193	75455.335938	2.202567	14.495873	17	7	2025
745	11	5	185	48250.035156	1.310816	6.587982	18	10	2024
746	13	14	761	6795.953613	4.108387	14.205576	28	8	2025
747	11	38	1164	31754.234375	0.796640	1.729435	28	2	2024
748	7	11	3	63574.117188	5.119160	17.401892	9	12	2024
749	10	26	781	54154.480469	3.657933	15.177893	2	8	2025
750	8	34	561	32877.742188	1.664037	9.430232	9	11	2024
751	7	32	946	53108.128906	1.541902	19.919834	24	8	2024
752	13	1	137	66353.953125	1.308802	12.107899	22	5	2025
753	11	29	773	54202.703125	3.504669	10.303556	1	2	2025
754	1	19	1381	46924.011719	1.081744	0.482003	11	2	2025
755	2	36	398	23790.824219	2.115040	15.233158	2	1	2024
756	9	26	574	11810.754883	5.821939	11.552810	24	10	2024
757	10	13	250	11878.261719	1.903363	4.068218	3	5	2025
758	15	38	1195	14875.087891	3.451018	13.047420	26	1	2025
759	4	40	161	5920.773926	0.619205	13.958398	5	2	2024
760	13	12	856	44614.308594	1.267601	3.987444	13	7	2024
761	9	35	67	7070.803223	3.242637	16.574724	20	4	2025
762	15	36	296	51234.812500	1.559114	0.724931	27	5	2024
763	14	39	959	58600.296875	2.826792	15.980768	13	1	2025
764	7	30	525	26722.554688	5.841350	9.928233	9	10	2024
765	13	30	724	37246.406250	5.799234	18.204767	5	8	2024
766	7	28	1137	39823.722656	2.548646	15.101977	13	9	2024
767	8	24	963	11408.124023	1.040727	13.572144	12	2	2025
768	12	2	1309	5944.883301	4.815195	5.122522	27	3	2024
769	11	27	1080	53944.730469	4.674749	7.352595	8	4	2025
770	4	31	426	43488.386719	2.821299	15.169997	24	11	2024
771	5	11	898	20020.082031	2.749702	12.239686	7	2	2024
772	9	2	392	40296.273438	4.807138	14.894882	28	5	2025
773	5	33	400	34582.292969	4.683172	9.062804	7	5	2025
774	4	20	758	68342.992188	1.999496	4.519455	7	12	2024
775	11	24	1014	64724.144531	6.137440	3.265950	23	7	2024
776	14	13	1051	17577.777344	5.140034	18.532112	4	9	2024
777	15	37	292	8141.270020	1.749916	8.872713	25	6	2024
778	8	12	463	78780.054688	1.760353	0.658733	19	1	2025
779	2	24	108	68138.062500	2.510926	6.710660	1	5	2025
780	13	28	214	70088.539062	1.602145	8.881216	7	5	2025
781	12	18	1169	71742.453125	2.383847	5.322937	26	2	2024
782	4	17	599	13845.606445	4.351924	7.483776	14	3	2024
783	12	17	1367	56915.035156	4.709174	15.111087	12	4	2024
784	14	24	737	11827.631836	2.923109	5.025352	26	8	2025
785	6	12	1195	79648.000000	3.787759	16.326330	19	7	2024
786	6	19	486	69182.015625	4.606265	12.662379	23	8	2025
787	11	28	749	68682.945312	1.554353	16.351231	18	9	2024
788	14	22	319	57204.351562	1.277123	4.987091	11	2	2025
789	12	22	933	68733.570312	4.166250	3.959508	22	6	2025
790	14	27	470	47131.351562	2.261162	1.847255	19	7	2025
791	7	2	1082	19029.175781	5.408658	5.534285	7	3	2025
792	1	30	745	63504.195312	3.126362	14.656207	25	10	2024
793	10	1	870	74934.570312	1.797342	10.574419	6	9	2025
794	13	35	932	14255.470703	4.402829	11.486611	3	8	2025
795	7	32	956	19819.970703	2.899121	5.134061	14	2	2024
796	4	7	543	30175.054688	1.714942	0.571279	26	4	2024
797	14	6	1038	9722.861328	4.426816	13.077785	27	6	2024
798	7	36	177	41822.414062	2.841624	13.138517	28	5	2025
799	12	7	7	20586.658203	5.873577	3.250160	7	2	2025
800	15	23	1251	45224.281250	3.531220	2.254766	9	5	2024
801	15	7	1353	68145.296875	1.549043	7.198336	2	4	2024
802	9	10	393	4466.963867	4.234916	9.270507	15	5	2024
803	7	40	914	54318.433594	0.647404	8.349813	24	8	2024
804	8	33	856	41689.812500	2.043626	12.936280	9	7	2025
805	11	1	1187	46417.707031	5.138936	7.676903	5	9	2025
806	3	37	946	56712.515625	1.767678	14.045852	13	3	2025
807	1	6	705	38413.312500	4.609378	10.924234	7	2	2024
808	11	32	34	3582.140625	5.029069	3.654027	18	9	2025
809	5	14	1341	15670.705078	3.393338	18.490206	1	1	2024
810	5	34	1376	76429.367188	2.204581	0.567028	21	3	2025
811	1	29	252	17064.242188	4.241508	10.634544	2	7	2024
812	14	35	326	36200.046875	2.801706	17.989777	25	1	2024
813	9	9	455	18812.189453	5.048295	17.263424	20	4	2025
814	5	9	606	37967.285156	3.125629	5.497845	28	8	2025
815	15	3	1232	32880.152344	1.622288	18.776861	21	6	2025
816	3	17	1268	71209.632812	1.658727	15.898779	13	9	2024
817	9	18	877	52085.878906	0.831797	7.972667	5	3	2025
818	6	24	105	78063.992188	4.157826	14.815931	28	7	2024
819	8	37	60	39997.312500	3.472075	15.545927	28	4	2025
820	2	39	338	43425.703125	3.851299	10.807022	7	8	2025
821	9	28	430	52324.566406	1.617710	6.989419	27	5	2025
822	13	31	1240	5207.128906	1.015275	0.727360	13	6	2024
823	14	27	1358	73495.226562	5.802530	10.724427	20	7	2024
824	12	7	604	72685.140625	4.396787	19.245104	7	2	2024
825	12	27	987	45460.554688	3.838298	16.568045	28	7	2025
826	13	5	128	17616.351562	4.161122	12.099396	8	6	2025
827	7	23	1126	60372.355469	6.236320	8.173082	26	6	2024
828	12	19	290	65700.578125	6.042772	8.967455	1	10	2025
829	13	18	125	19291.970703	5.723609	10.038157	6	1	2024
830	12	3	830	10467.848633	0.901379	11.823674	4	8	2025
831	15	35	1267	39869.535156	1.055742	2.858440	28	6	2024
832	6	9	145	9344.340820	2.695868	1.648054	24	7	2024
833	6	13	58	71064.976562	2.927320	2.693249	25	6	2025
834	7	31	549	27554.337891	4.727851	0.289483	24	5	2025
835	3	33	717	20432.355469	5.045183	9.783084	19	3	2025
836	4	1	597	54224.402344	4.628605	18.589199	11	3	2025
837	13	19	305	76865.750000	3.099811	13.740977	4	4	2024
838	15	11	89	28022.064453	2.715461	18.869781	18	1	2024
839	11	8	307	4073.977051	3.187887	14.761879	28	4	2024
840	12	13	14	79968.656250	1.774270	5.635706	19	4	2025
841	13	39	227	65418.496094	5.976119	13.202893	12	2	2024
842	5	31	459	22329.781250	4.795053	15.383773	28	9	2024
843	13	21	1277	37444.105469	4.281793	5.605947	2	6	2025
844	10	17	682	53163.578125	4.427366	2.842042	4	2	2025
845	1	32	1292	69239.875000	0.534059	17.335693	8	3	2024
846	12	12	640	12100.070312	5.706763	1.271517	11	9	2025
847	6	38	1076	30360.699219	3.535798	13.461004	3	4	2024
848	11	27	562	79303.226562	3.654637	18.468344	28	6	2025
849	6	39	187	3741.263916	3.794168	8.558730	16	8	2025
850	1	26	660	77029.695312	3.450102	4.819471	14	9	2024
851	10	5	1097	70107.820312	6.208487	4.456294	20	5	2025
852	11	36	104	37653.859375	2.737617	12.157699	15	5	2025
853	15	16	622	6299.294922	0.812937	2.657417	10	3	2025
854	8	28	171	43464.277344	5.044084	11.372436	23	7	2024
855	2	4	667	24256.140625	3.351955	9.116856	16	3	2024
856	3	15	160	70515.273438	3.952742	4.086437	22	8	2024
857	14	2	833	47782.308594	2.443541	18.849131	2	1	2024
858	9	34	50	25885.953125	1.406583	11.788449	4	9	2025
859	3	13	269	29328.806641	3.725135	11.294092	25	4	2025
860	13	9	805	77656.546875	6.003036	18.417936	14	5	2025
861	9	26	696	38627.886719	2.416623	16.776962	27	12	2024
862	14	32	473	11858.974609	4.168264	11.753832	14	11	2024
863	10	36	1279	26035.433594	0.935987	3.956471	3	12	2024
864	10	9	1358	40477.097656	4.417295	17.153500	17	9	2025
865	14	38	667	31978.455078	2.309504	13.733083	20	6	2024
866	1	12	245	18686.820312	6.232109	3.827720	20	2	2025
867	5	15	683	17401.775391	3.877300	12.220860	23	8	2024
868	6	18	201	37685.203125	2.224357	10.335743	23	3	2024
869	1	39	977	7866.420410	5.965133	8.360137	26	8	2024
870	9	37	1253	19364.298828	0.892041	13.525379	20	12	2024
871	2	38	1250	79573.257812	3.518037	13.335289	14	10	2024
872	6	15	944	38948.546875	5.218589	1.170702	21	8	2024
873	9	34	55	26054.720703	1.920393	3.733585	18	7	2024
874	3	26	58	60037.234375	5.323328	2.407809	18	4	2024
875	12	38	8	63525.894531	4.112964	11.714964	13	2	2024
876	6	21	1354	76441.421875	3.125996	11.726502	2	2	2025
877	7	31	323	73487.992188	3.412748	14.784350	17	5	2024
878	10	1	427	3579.729736	1.253319	18.101522	24	8	2024
879	5	11	1269	71556.812500	3.891583	19.641075	11	1	2024
880	8	23	396	11627.522461	0.987442	6.995492	28	4	2024
881	14	26	1236	77945.859375	2.518433	14.659244	8	4	2025
882	5	9	1264	32494.398438	2.633610	15.997772	28	3	2024
883	2	22	446	66722.828125	5.291467	2.705395	14	2	2025
884	5	22	480	50287.300781	6.068041	2.757625	25	3	2024
885	6	1	476	45904.171875	3.994674	3.474868	18	7	2024
886	14	17	1125	2719.016113	1.115436	1.265444	13	6	2024
887	11	20	1323	15101.718750	5.796121	18.238171	25	9	2024
888	15	7	1253	38070.957031	4.604983	15.837440	19	2	2024
889	9	22	601	6116.061523	1.379482	14.768559	16	11	2024
890	4	26	986	45600.390625	5.149739	15.428107	16	7	2024
891	11	24	537	25116.855469	1.440642	8.778580	1	10	2024
892	8	17	888	32612.537109	1.711097	2.894879	9	1	2024
893	10	6	360	32993.468750	0.920240	4.292926	23	9	2025
894	13	19	51	35565.964844	1.519196	19.124853	11	4	2024
895	1	11	307	66708.367188	2.049669	16.141100	2	8	2025
896	7	39	1138	26498.337891	2.740364	3.543495	21	10	2024
897	3	18	1091	31259.986328	3.884076	13.571536	28	1	2024
898	12	27	1154	4770.745117	1.117267	11.232752	14	4	2024
899	5	17	604	77613.148438	6.265252	19.427298	11	4	2025
900	2	11	547	53076.785156	3.431242	17.030821	17	11	2024
901	5	21	1019	29965.298828	4.820689	15.549571	16	2	2024
902	3	27	1004	70298.289062	3.784646	18.044436	28	6	2025
903	10	6	1128	39609.148438	1.432401	3.335792	28	8	2024
904	15	36	687	50470.535156	5.141133	7.375066	28	3	2024
905	15	5	1169	35353.800781	6.336665	13.864263	21	4	2024
906	5	29	67	59072.847656	2.018174	14.085935	18	3	2024
907	5	34	1388	41901.972656	2.403440	17.335693	17	1	2025
908	11	40	438	4715.292969	2.481994	4.002020	2	4	2025
909	11	22	282	32617.359375	5.942244	2.064675	21	11	2024
910	13	40	464	3206.030518	2.362239	5.279211	28	3	2024
911	13	17	306	72509.140625	2.319025	16.130774	5	9	2024
912	12	29	721	63436.691406	1.671545	16.165998	16	3	2025
913	8	28	273	55109.226562	3.536897	16.008097	27	7	2025
914	8	21	548	31850.673828	4.297174	17.621134	21	3	2024
915	1	32	841	28894.833984	5.436491	18.100916	18	2	2025
916	11	4	962	34934.292969	4.910779	6.796899	8	6	2024
917	13	17	289	41967.074219	3.092669	5.161391	28	3	2024
918	10	7	640	42270.847656	5.435209	3.186392	14	6	2024
919	9	35	437	4657.429688	3.060808	13.944428	10	4	2024
920	15	7	3	18156.408203	1.102069	2.272985	20	2	2024
921	1	7	522	34779.992188	3.099994	14.739409	18	6	2025
922	6	6	1346	46265.816406	2.838145	3.636415	13	6	2024
923	14	27	130	79503.343750	2.644963	2.992657	12	10	2024
924	3	21	772	77372.054688	6.220756	6.645070	4	9	2024
925	4	38	244	39245.093750	3.336756	6.397891	5	8	2025
926	2	11	745	73615.773438	5.269494	5.926612	12	3	2025
927	5	7	719	64348.035156	1.119831	7.341056	15	8	2024
928	10	2	1214	75018.953125	1.648106	15.714155	23	2	2025
929	13	32	154	23368.908203	4.526063	8.422083	14	1	2024
930	10	11	268	54680.074219	2.190481	9.497037	14	8	2025
931	2	40	824	8787.408203	0.517762	3.453004	2	4	2025
932	12	21	276	25627.978516	5.786599	18.399109	21	7	2025
933	5	4	105	10287.027344	4.440733	2.733939	20	7	2025
934	8	30	47	64844.691406	6.317255	18.255175	27	3	2025
935	9	26	204	26739.433594	4.951247	19.390860	28	3	2025
936	6	20	619	30187.107422	1.259362	2.186138	6	8	2024
937	4	1	320	26172.855469	3.021439	0.835463	9	11	2024
938	12	23	1039	9927.792969	1.546297	18.911686	2	3	2025
939	2	24	1072	10508.834961	1.009049	18.925653	28	3	2024
940	4	10	1399	74895.992188	1.017472	9.300265	6	9	2024
941	11	21	993	19287.148438	2.068163	14.542030	22	5	2024
942	5	9	919	4245.155273	3.067034	17.196011	22	10	2024
943	4	17	755	1101.260376	4.635014	19.675692	18	1	2025
944	3	12	1369	17681.447266	5.658422	1.683886	7	6	2024
945	1	29	57	63740.472656	6.068590	15.398350	3	11	2024
946	7	39	866	46458.695312	1.466460	14.405991	15	8	2024
947	1	17	196	47030.089844	2.546083	6.833946	24	4	2025
948	5	7	471	46434.582031	3.272301	19.237816	10	6	2025
949	2	14	1077	15916.624023	3.725135	6.546077	28	9	2025
950	1	20	218	7873.653320	3.646031	15.711725	24	11	2024
951	11	26	1120	3398.907471	3.260216	10.030262	27	10	2024
952	8	14	243	36286.843750	4.130360	11.294092	8	2	2024
953	9	4	301	43182.195312	2.745674	2.430888	9	10	2024
954	10	36	1289	39363.230469	2.357112	12.382406	4	5	2024
955	13	35	865	78594.406250	1.787820	4.387667	25	8	2025
956	4	27	680	64938.718750	3.522248	4.885668	23	9	2025
957	4	18	1101	7832.666992	1.455657	0.308917	2	1	2025
958	6	26	1142	41516.222656	3.171407	9.448451	16	10	2024
959	1	32	1043	52269.109375	1.057573	3.320002	9	1	2024
960	2	35	921	39351.175781	3.061357	9.681662	2	2	2024
961	14	34	49	73864.101562	5.798868	17.559187	18	1	2024
962	10	28	1363	42256.382812	0.696478	1.162200	4	4	2025
963	14	11	1063	26001.677734	2.132069	4.131379	24	10	2024
964	2	15	291	60777.394531	1.765481	4.738697	12	9	2025
965	5	14	896	45561.816406	5.286889	0.146764	12	10	2024
966	12	36	1254	47502.636719	2.851695	5.581048	27	3	2025
967	6	33	1070	77360.000000	4.281610	14.658636	26	4	2024
968	5	24	556	34476.210938	3.228355	3.964974	4	3	2025
969	2	30	469	42468.550781	4.460326	14.549318	28	7	2025
970	6	16	510	24063.265625	1.011795	0.923524	26	9	2025
971	3	25	302	19634.326172	4.973403	1.127583	11	6	2025
972	2	10	124	72099.281250	4.192251	8.124497	16	4	2025
973	2	3	1073	19745.232422	5.424222	11.088211	16	1	2025
974	7	4	759	2434.522461	2.838694	14.337971	27	7	2024
975	1	2	1344	35074.128906	4.843760	5.357555	18	5	2025
976	2	4	653	35052.429688	4.837352	19.379929	25	4	2025
977	10	21	853	27445.845703	2.020005	8.783438	9	8	2025
978	8	29	720	10643.848633	1.604892	6.717340	8	1	2024
979	5	11	78	65864.531250	1.710913	12.781414	17	7	2025
980	13	15	1022	3835.291504	6.096972	5.813044	17	4	2025
981	1	25	151	60777.394531	1.196921	9.567486	4	4	2025
982	10	9	203	63764.582031	4.828928	3.213114	11	5	2024
983	14	40	414	73644.703125	2.695502	18.422794	5	7	2024
984	9	29	45	21695.699219	4.312922	11.820638	15	7	2024
985	12	23	818	51823.082031	6.145680	14.375017	11	4	2024
986	1	5	1326	78331.609375	2.029344	13.577609	28	3	2025
987	7	26	604	78845.148438	2.506531	11.597752	16	10	2024
988	3	35	1132	28550.064453	2.543886	3.306033	5	3	2024
989	15	25	242	39804.437500	0.753792	6.155571	28	1	2025
990	12	15	329	15236.732422	6.415037	12.874942	7	2	2024
991	9	14	511	36619.558594	4.960769	8.077734	22	9	2024
992	13	2	875	71544.757812	0.837474	1.784701	7	12	2024
993	5	22	512	43394.359375	1.952620	13.615263	28	7	2025
994	2	6	1039	41313.699219	2.317560	4.317218	2	8	2024
995	6	26	1330	40667.562500	5.792093	9.681662	7	8	2025
996	2	10	656	49185.488281	2.780831	16.719873	12	2	2025
997	5	1	915	67101.351562	3.507599	1.331642	27	9	2025
998	3	14	1001	65235.265625	5.187277	16.845589	19	6	2025
999	13	36	549	42704.824219	1.818766	0.134010	9	12	2024
1000	3	16	1067	23431.593750	0.639897	11.793307	24	1	2025