100
1
a1
9
4953
12
31
9
2014
2
a55
9
4635
30
1
9
2001
3
a50
7
7575
20
21
3
2009
4
a59
7
3082
30
21
9
2014
5
a72
4
9459
2
22
1
2023
6
a4
3
7792
22
14
3
2009
7
a91
8
4569
19
17
9
2024
8
a41
3
3549
12
6
6
2016
9
a95
1
4282
13
4
4
2020
10
a40
5
3722
1
5
6
2014
11
a15
6
2691
6
4
10
2001
12
a86
2
9831
17
31
4
2022
13
a47
6
9480
24
5
6
2006
14
a5
8
1253
23
10
12
2019
15
a21
10
5679
20
31
7
2020
16
a61
10
6951
20
19
9
2022
17
a20
1
3319
12
29
11
2002
18
a61
2
2554
6
28
11
2016
19
a70
5
7233
19
22
1
2011
20
a21
8
8212
24
10
8
2004
21
a16
10
4454
26
17
4
2005
22
a64
6
4220
25
30
11
2024
23
a65
9
5994
19
30
5
2016
24
a15
6
2655
24
3
3
2008
25
a10
5
5765
19
3
1
2015
26
a81
1
2183
9
20
2
2001
27
a46
8
3142
20
30
3
2007
28
a25
5
9015
28
27
10
2004
29
a52
3
1977
24
12
11
2024
30
a8
1
7156
20
24
2
2002
31
a9
7
5154
25
25
2
2011
32
a6
10
8639
23
13
2
2017
33
a53
2
2520
2
19
2
2007
34
a100
8
8258
11
4
12
2011
35
a70
6
8020
14
12
7
2013
36
a84
7
9957
18
27
6
2019
37
a50
10
8677
12
20
12
2014
38
a67
7
1449
9
12
3
2014
39
a77
5
2478
5
21
3
2018
40
a50
2
2316
20
5
1
2017
41
a8
7
1791
21
2
6
2000
42
a49
5
7596
6
4
2
2018
43
a24
10
9239
18
21
9
2017
44
a2
5
1741
21
25
6
2003
45
a60
7
8319
16
11
8
2014
46
a63
10
3126
18
10
8
2019
47
a50
7
5015
13
19
7
2012
48
a25
6
9488
12
25
7
2019
49
a74
7
2616
3
7
5
2002
50
a76
5
4749
18
26
4
2005
51
a53
1
2640
20
16
11
2001
52
a5
6
3360
6
3
1
2017
53
a73
7
1037
30
18
11
2008
54
a81
5
5212
7
9
6
2000
55
a34
5
9243
17
10
12
2005
56
a53
9
6098
28
26
3
2020
57
a67
6
8348
23
30
12
2008
58
a39
5
6577
4
20
1
2018
59
a88
2
7892
4
21
3
2022
60
a25
5
1587
1
30
12
2015
61
a75
5
2601
29
12
9
2009
62
a12
4
6358
20
18
7
2014
63
a67
6
5620
15
16
2
2011
64
a2
7
8485
25
7
3
2020
65
a19
4
7492
16
19
10
2005
66
a91
2
6812
14
20
5
2010
67
a11
4
3678
25
15
4
2022
68
a69
1
6586
5
6
3
2019
69
a49
10
8381
6
22
11
2004
70
a25
7
4982
4
30
11
2015
71
a69
1
1228
24
11
9
2001
72
a49
1
7953
29
4
11
2022
73
a58
7
1364
26
11
4
2014
74
a50
8
3097
22
25
10
2009
75
a86
8
6428
24
10
6
2012
76
a86
1
9887
29
30
2
2004
77
a99
9
9180
24
12
12
2000
78
a100
7
5680
27
21
3
2008
79
a62
4
5765
20
22
3
2011
80
a50
1
6372
29
13
10
2019
81
a8
9
4056
15
20
12
2014
82
a87
6
7747
3
10
1
2009
83
a34
6
1324
26
17
7
2006
84
a100
4
3977
3
10
11
2015
85
a64
10
9603
11
18
4
2008
86
a55
2
6409
5
6
10
2001
87
a80
4
2814
26
17
10
2006
88
a89
7
5079
14
15
9
2001
89
a31
9
3430
30
6
11
2007
90
a68
8
6354
15
23
9
2017
91
a94
6
8002
13
6
4
2020
92
a44
8
2880
25
4
2
2022
93
a4
3
8132
8
3
4
2018
94
a57
9
8377
20
20
8
2011
95
a69
2
5785
30
6
8
2009
96
a21
3
7649
29
4
10
2022
97
a41
9
1431
11
6
6
2019
98
a57
2
5129
17
6
6
2023
99
a100
7
6232
19
26
11
2005
100
a60
8
7748
23
12
2
2007