2005 1 150.20
2005 2 180.50
2005 3 200.75
2005 4 220.30
2005 5 190.65
2005 6 210.40
2006 1 160.75
2006 2 175.30
2006 3 185.60
2006 4 195.80
2006 5 205.90
2006 6 215.25
2007 1 170.40
2007 2 190.50
2007 3 210.80
2007 4 230.90
2007 5 240.60
2007 6 250.75
2008 1 180.65
2008 2 200.80
2008 3 220.95
2008 4 240.20
2008 5 260.35
2008 6 280.50
2009 1 190.90
2009 2 210.20
2009 3 230.40
2009 4 250.60
2009 5 270.80
2009 6 290.95

deudor 1 y 2
2005 1 1 0 0 1 1
2006 1 1 1 1 1 0
2007 1 1 1 1 0 0
2008 1 1 1 1 1 1 
2009 0 0 0 0 0 0 
2005 0 0 0 0 0 0 
2006 1 1 1 1 1 0
2007 1 1 1 1 0 0
2008 1 1 1 1 1 1 
2009 1 1 0 0 1 1
