100
131410
3
8
10
2020
19400
200
110310
1
21
9
2024
16991
300
153032
3
28
3
2021
10242
400
157818
1
27
1
2023
13588
500
182166
3
27
2
2021
15003
600
102223
3
2
11
2021
13799
700
193437
1
23
9
2024
12336
800
136287
3
20
2
2020
12680
900
145025
3
13
6
2024
11137
1000
137262
1
17
2
2022
18224
1100
102848
1
2
8
2020
14933
1200
162415
1
7
7
2020
14626
1300
185384
3
15
12
2021
17531
1400
170855
3
24
12
2024
15017
1500
136932
3
26
9
2022
15520
1600
158258
3
13
12
2020
15715
1700
163984
2
24
12
2021
15740
1800
182337
3
25
7
2020
14721
1900
107235
3
20
12
2023
11362
2000
128622
3
20
6
2021
11442