5
24
12
1924
11000
166689
10
25
2
1911
21000
151990
15
31
1
2024
31000
155022
20
26
2
1974
41000
150194
25
14
4
1966
51000
106556
30
20
5
1986
61000
188906
35
16
7
1935
71000
109036
40
28
3
1935
81000
150219
45
3
10
2023
91000
163098
50
4
10
1941
101000
134884
55
5
9
1900
111000
186547
60
11
4
1917
121000
181537
65
24
2
2016
131000
155644
70
26
7
1960
141000
185800
75
8
12
1962
151000
114513
80
30
1
1914
161000
143818
85
11
2
1999
171000
158903
90
14
6
1938
181000
187577
95
2
8
1976
191000
159280
100
27
3
1941
201000
145867