50
18
3
4
2016
6
9
3
2
2023
9
20
4
3
2009
3
42
4
2
2016
10
23
4
2
2012
9
14
4
4
2016
8
17
2
1
2016
10
14
3
1
2016
4
4
1
1
2002
5
14
4
4
2019
5
34
5
2
2016
1
23
3
1
2004
3
9
1
2
2011
7
12
3
4
2016
4
41
5
2
2017
2
28
1
1
2007
2
13
5
3
2016
3
50
4
2
2011
10
40
1
1
2004
3
43
1
1
2016
2
44
2
4
2009
10
3
5
1
2016
9
41
2
1
2017
2
25
1
4
2016
4
17
2
3
2020
1
3
2
1
2016
9
22
2
1
2021
1
17
1
2
2016
6
43
1
4
2019
1
12
1
4
2016
9
39
1
2
2023
9
1
3
2
2017
6
15
4
3
2021
5
4
3
3
2016
7
8
1
2
2008
10
49
5
3
2016
9
40
4
1
2018
6
1
5
2
2017
4
17
1
1
2017
3
46
3
2
2016
4
50
2
2
2008
5
41
3
3
2016
5
34
3
2
2014
2
32
2
1
2004
8
26
1
4
2016
8
18
3
2
2011
9
27
5
4
2016
1
28
4
2
2004
1
25
4
3
2016
5
49
4
2
2021
4