34675892 Juan Pérez	3	75000    12   05   2020			
28963471 María García	      7	92000    03   11   2019			
40123987 Luis Rodríguez	    2	68000    25   02   2021			
56784321 Ana Martínez	      9	105000   14   08   2018			
12387654 Carlos López	      5	81000    30   07   2022			
65432189 Sofía Díaz		 4	72000    19   03   2023			
98765432 Pedro Sánchez	     1	60000    01   01   2020			
23456789 Laura Fernández	   8	98000    22   12   2021			
87654321 Marta Gómez		6	87000    10   04   2019			
43215678 Diego Ruiz		 10      113000   05   09   202			
